SimulationTime 86400
SimulationStepTime 3600
AlfaIn 300
AlfaOut 250
InitialTemp 23
TotOut 0
TotIn 23
Nodes number 110
Elements number 90
*Node
      1,  0.000000000,  0.50000000000
      2,  0.005000000,  0.50000000000
      3,  0.080000000,  0.50000000000
      4,  0.155000000,  0.50000000000
      5,  0.205000000,  0.50000000000
      6,  0.255000000,  0.50000000000
      7,  0.305000000,  0.50000000000
      8,  0.355000000,  0.50000000000
      9,  0.405000000,  0.50000000000
     10,  0.455000000,  0.50000000000
     11,  0.505000000,  0.50000000000
     12,  0.000000000,  0.38888888889
     13,  0.005000000,  0.38888888889
     14,  0.080000000,  0.38888888889
     15,  0.155000000,  0.38888888889
     16,  0.205000000,  0.38888888889
     17,  0.255000000,  0.38888888889
     18,  0.305000000,  0.38888888889
     19,  0.355000000,  0.38888888889
     20,  0.405000000,  0.38888888889
     21,  0.455000000,  0.38888888889
     22,  0.505000000,  0.38888888889
     23,  0.000000000,  0.27777777778
     24,  0.005000000,  0.27777777778
     25,  0.080000000,  0.27777777778
     26,  0.155000000,  0.27777777778
     27,  0.205000000,  0.27777777778
     28,  0.255000000,  0.27777777778
     29,  0.305000000,  0.27777777778
     30,  0.355000000,  0.27777777778
     31,  0.405000000,  0.27777777778
     32,  0.455000000,  0.27777777778
     33,  0.505000000,  0.27777777778
     34,  0.000000000,  0.16666666667
     35,  0.005000000,  0.16666666667
     36,  0.080000000,  0.16666666667
     37,  0.155000000,  0.16666666667
     38,  0.205000000,  0.16666666667
     39,  0.255000000,  0.16666666667
     40,  0.305000000,  0.16666666667
     41,  0.355000000,  0.16666666667
     42,  0.405000000,  0.16666666667
     43,  0.455000000,  0.16666666667
     44,  0.505000000,  0.16666666667
     45,  0.000000000,  0.05555555556
     46,  0.005000000,  0.05555555556
     47,  0.080000000,  0.05555555556
     48,  0.155000000,  0.05555555556
     49,  0.205000000,  0.05555555556
     50,  0.255000000,  0.05555555556
     51,  0.305000000,  0.05555555556
     52,  0.355000000,  0.05555555556
     53,  0.405000000,  0.05555555556
     54,  0.455000000,  0.05555555556
     55,  0.505000000,  0.05555555556
     56,  0.000000000, -0.05555555556
     57,  0.005000000, -0.05555555556
     58,  0.080000000, -0.05555555556
     59,  0.155000000, -0.05555555556
     60,  0.205000000, -0.05555555556
     61,  0.255000000, -0.05555555556
     62,  0.305000000, -0.05555555556
     63,  0.355000000, -0.05555555556
     64,  0.405000000, -0.05555555556
     65,  0.455000000, -0.05555555556
     66,  0.505000000, -0.05555555556
     67,  0.000000000, -0.16666666667
     68,  0.005000000, -0.16666666667
     69,  0.080000000, -0.16666666667
     70,  0.155000000, -0.16666666667
     71,  0.205000000, -0.16666666667
     72,  0.255000000, -0.16666666667
     73,  0.305000000, -0.16666666667
     74,  0.355000000, -0.16666666667
     75,  0.405000000, -0.16666666667
     76,  0.455000000, -0.16666666667
     77,  0.505000000, -0.16666666667
     78,  0.000000000, -0.27777777778
     79,  0.005000000, -0.27777777778
     80,  0.080000000, -0.27777777778
     81,  0.155000000, -0.27777777778
     82,  0.205000000, -0.27777777778
     83,  0.255000000, -0.27777777778
     84,  0.305000000, -0.27777777778
     85,  0.355000000, -0.27777777778
     86,  0.405000000, -0.27777777778
     87,  0.455000000, -0.27777777778
     88,  0.505000000, -0.27777777778
     89,  0.000000000, -0.38888888889
     90,  0.005000000, -0.38888888889
     91,  0.080000000, -0.38888888889
     92,  0.155000000, -0.38888888889
     93,  0.205000000, -0.38888888889
     94,  0.255000000, -0.38888888889
     95,  0.305000000, -0.38888888889
     96,  0.355000000, -0.38888888889
     97,  0.405000000, -0.38888888889
     98,  0.455000000, -0.38888888889
     99,  0.505000000, -0.38888888889
    100,  0.000000000, -0.50000000000
    101,  0.005000000, -0.50000000000
    102,  0.080000000, -0.50000000000
    103,  0.155000000, -0.50000000000
    104,  0.205000000, -0.50000000000
    105,  0.255000000, -0.50000000000
    106,  0.305000000, -0.50000000000
    107,  0.355000000, -0.50000000000
    108,  0.405000000, -0.50000000000
    109,  0.455000000, -0.50000000000
    110,  0.505000000, -0.50000000000
*Element, type=DC2D4
  1,   1,   2,  13,  12
  2,   2,   3,  14,  13
  3,   3,   4,  15,  14
  4,   4,   5,  16,  15
  5,   5,   6,  17,  16
  6,   6,   7,  18,  17
  7,   7,   8,  19,  18
  8,   8,   9,  20,  19
  9,   9,  10,  21,  20
 10,  10,  11,  22,  21
 11,  12,  13,  24,  23
 12,  13,  14,  25,  24
 13,  14,  15,  26,  25
 14,  15,  16,  27,  26
 15,  16,  17,  28,  27
 16,  17,  18,  29,  28
 17,  18,  19,  30,  29
 18,  19,  20,  31,  30
 19,  20,  21,  32,  31
 20,  21,  22,  33,  32
 21,  23,  24,  35,  34
 22,  24,  25,  36,  35
 23,  25,  26,  37,  36
 24,  26,  27,  38,  37
 25,  27,  28,  39,  38
 26,  28,  29,  40,  39
 27,  29,  30,  41,  40
 28,  30,  31,  42,  41
 29,  31,  32,  43,  42
 30,  32,  33,  44,  43
 31,  34,  35,  46,  45
 32,  35,  36,  47,  46
 33,  36,  37,  48,  47
 34,  37,  38,  49,  48
 35,  38,  39,  50,  49
 36,  39,  40,  51,  50
 37,  40,  41,  52,  51
 38,  41,  42,  53,  52
 39,  42,  43,  54,  53
 40,  43,  44,  55,  54
 41,  45,  46,  57,  56
 42,  46,  47,  58,  57
 43,  47,  48,  59,  58
 44,  48,  49,  60,  59
 45,  49,  50,  61,  60
 46,  50,  51,  62,  61
 47,  51,  52,  63,  62
 48,  52,  53,  64,  63
 49,  53,  54,  65,  64
 50,  54,  55,  66,  65
 51,  56,  57,  68,  67
 52,  57,  58,  69,  68
 53,  58,  59,  70,  69
 54,  59,  60,  71,  70
 55,  60,  61,  72,  71
 56,  61,  62,  73,  72
 57,  62,  63,  74,  73
 58,  63,  64,  75,  74
 59,  64,  65,  76,  75
 60,  65,  66,  77,  76
 61,  67,  68,  79,  78
 62,  68,  69,  80,  79
 63,  69,  70,  81,  80
 64,  70,  71,  82,  81
 65,  71,  72,  83,  82
 66,  72,  73,  84,  83
 67,  73,  74,  85,  84
 68,  74,  75,  86,  85
 69,  75,  76,  87,  86
 70,  76,  77,  88,  87
 71,  78,  79,  90,  89
 72,  79,  80,  91,  90
 73,  80,  81,  92,  91
 74,  81,  82,  93,  92
 75,  82,  83,  94,  93
 76,  83,  84,  95,  94
 77,  84,  85,  96,  95
 78,  85,  86,  97,  96
 79,  86,  87,  98,  97
 80,  87,  88,  99,  98
 81,  89,  90, 101, 100
 82,  90,  91, 102, 101
 83,  91,  92, 103, 102
 84,  92,  93, 104, 103
 85,  93,  94, 105, 104
 86,  94,  95, 106, 105
 87,  95,  96, 107, 106
 88,  96,  97, 108, 107
 89,  97,  98, 109, 108
 90,  98,  99, 110, 109

*Materials
1, tynk, 1, 1800, 1000
2, styropian, 0.040, 40, 1460
3, cegla, 0.6, 1600, 840

*ElementMat
1, 1
2, 2
3, 2
4, 3
5, 3
6, 3
7, 3
8, 3
9, 3
10, 3
11, 1
12, 2
13, 2
14, 3
15, 3
16, 3
17, 3
18, 3
19, 3
20, 3
21, 1
22, 2
23, 2
24, 3
25, 3
26, 3
27, 3
28, 3
29, 3
30, 3
31, 1
32, 2
33, 2
34, 3
35, 3
36, 3
37, 3
38, 3
39, 3
40, 3
41, 1
42, 2
43, 2
44, 3
45, 3
46, 3
47, 3
48, 3
49, 3
50, 3
51, 1
52, 2
53, 2
54, 3
55, 3
56, 3
57, 3
58, 3
59, 3
60, 3
61, 1
62, 2
63, 2
64, 3
65, 3
66, 3
67, 3
68, 3
69, 3
70, 3
71, 1
72, 2
73, 2
74, 3
75, 3
76, 3
77, 3
78, 3
79, 3
80, 3
81, 1
82, 2
83, 2
84, 3
85, 3
86, 3
87, 3
88, 3
89, 3
90, 3

*BC_OUT
 1, 12, 23, 34, 45, 56, 67, 78, 89, 100

*BC_IN
 11, 22, 33, 44, 55, 66, 77, 88, 99, 110

*BC
 1, 11, 12, 22, 23, 33, 34, 44, 45, 55, 56, 66
 67, 77, 78, 88, 89, 99, 100, 110
